4.001426653922419
4.001799024062636
4.001799024062636
4.002544180579977
4.0036629575006994
4.004036161460993
4.005156609757482
4.006278314866682
4.006652496349065
4.006652496349065
4.007401279611306
4.007401279611306
4.007775881601077
4.007775881601077
4.008525506823587
4.008525506823587
4.009275694405656
4.010777760027913
4.013411816113448
4.014165679699849
4.014165679699849
4.0145428247165755
4.015297541733532
4.015675113948703
4.015675113948703
4.0160528287785
4.0160528287785
4.0164306863307
4.017565116401312
4.018322118708469
4.021735738560394
4.021735738560394
4.022115749965309
4.02287620627572
4.024398855979877
4.027069084535756
4.027069084535756
4.027451128475455
4.028215654506578
4.028598136821434
4.028980765484989
4.02936354060928
4.02936354060928
4.030896107959058
4.034352996364111
4.034737833775057
4.034737833775057
4.035893235405612
4.0362786661292125
4.040915459599014
4.041302831286988
4.041690353089939
4.0420780251242565
4.043241943781357
4.044407218723857
4.045963033895718
4.046741850134461
4.047521273400732
4.047521273400732
4.04830130464153
4.049472493531994
4.049863194845813
4.0502540488668135
4.050645055714415
4.050645055714415
4.051818994413117
4.052602386540921
4.052602386540921
4.054171014313548
4.05495625188825
4.055349102020978
4.056922047685437
4.058103382731269
4.059680670124517
4.059680670124517
4.0600753810039265
4.0600753810039265
4.060865270460478
4.060865270460478
4.064824103817681
4.066412035870285
4.066412035870285
4.06680941318527
4.06680941318527
4.067206948471762
4.071989739573827
4.072789100127983
4.073189020149309
4.074389740725828
4.074389740725828
4.074790301516283
4.075191022819983
4.07559190476562
4.076394151098258
4.076795515743421
4.077197041546848
4.0775987286380095
4.0792070924748725
4.080818047313801
4.0812211918465735
4.0812211918465735
4.081624498970411
4.081624498970411
4.082835397201115
4.084047763484185
4.084047763484185
4.0852616013835785
4.0852616013835785
4.086882347281311
4.087693706352191
4.088505724261203
4.088505724261203
4.0889119806145455
4.0889119806145455
4.0889119806145455
4.089724988789409
4.089724988789409
4.090945741738569
4.091352990776981
4.091760405734744
4.0925757339494995
4.092983647477489
4.094208387373385
4.0958437107141155
4.097891632789681
4.097891632789681
4.098711977380395
4.099943757458129
4.102000102003429
4.102411878826213
4.102823825279001
4.103648227634018
4.104060683816396
4.104473310189076
4.105299074067543
4.106125520395574
4.106538999830863
4.106538999830863
4.109023473158525
4.10943815282443
4.11026802839073
4.11109859322253
4.1123457353505035
4.113178028365673
4.113178028365673
4.115679071770262
4.115679071770262
4.1160965211605856
4.116514144887683
4.1194424046667715
4.11986142834774
4.120700002820361
4.121539281090356
4.121959184518738
4.122379264340081
4.122379264340081
4.122799520702644
4.122799520702644
4.122799520702644
4.123640563645408
4.126167944940196
4.1265897968764245
4.1282789864672695
4.129124652479613
4.129971034248293
4.13209012806947
4.1325144862341245
4.1325144862341245
4.132939024555084
4.133363743185379
4.134638982465532
4.134638982465532
4.135490046346689
4.136341835154578
4.136341835154578
4.136341835154578
4.136768001792181
4.137194350125221
4.138474486847938
4.140183888973588
4.140183888973588
4.140611696466744
4.141039687057484
4.142753483535219
4.142753483535219
4.14489986770331
4.145759712984145
4.1470508687477645
4.1483436937500695
4.1492065065732255
4.1496381923127155
4.150934368774163
4.151366801213333
4.152232227489762
4.152665221651106
4.152665221651106
4.1535317728318475
4.1535317728318475
4.1535317728318475
4.1539653301765975
4.156135940970236
4.15657062908836
4.15700550624242
4.157875828316503
4.158746908510956
4.159182733316285
4.159182733316285
4.159618748147697
4.160054953170971
4.160927934457316
4.161364711053035
4.162676186650845
4.164427500583581
4.164865808721213
4.1657430017599175
4.1657430017599175
4.166181886998474
4.16749969962055
4.16793935669512
4.16793935669512
4.169699920530153
4.169699920530153
4.169699920530153
4.17014054622576
4.1705813661579585
4.171022380498073
4.17146358941765
4.172346591682528
4.172346591682528
4.17411493873927
4.175443254188066
4.176329779068823
4.177217090573357
4.179438819992019
4.180328895707213
4.180774230829247
4.181219764363014
4.1856860513764556
4.1856860513764556
4.186133779165443
4.186581707504399
4.187478166551437
4.187926697619733
4.188375429958427
4.188824363748234
4.1892734991701115
4.1892734991701115
4.190172375635129
4.190172375635129
4.190172375635129
4.190622117041404
4.190622117041404
4.191522207111174
4.192873863095289
4.19332482138929
4.194227348526366
4.194227348526366
4.194678917737019
4.194678917737019
4.195130690954552
4.195582668363376
4.196487236493803
4.196939827585484
4.196939827585484
4.197392623608615
4.197845624748865
4.198298831192154
4.201022391659194
4.202386958620991
4.20329770549633
4.204209282587713
4.205121691410135
4.205121691410135
4.207406362269118
4.208321694140806
4.208779674455657
4.209696264803973
4.210154875222467
4.210613696060982
4.211072727512696
4.211531969771054
4.211531969771054
4.212910963324447
4.213831349951776
4.214752584471096
4.214752584471096
4.215213520178727
4.216136029469243
4.216136029469243
4.216597603444666
4.217521391039229
4.218446032806448
4.218446032806448
4.218908674498715
4.219371530327391
4.220761384616445
4.2212250989767135
4.2212250989767135
4.222153173289268
4.224011909883893
4.224011909883893
4.224011909883893
4.226340199643484
4.226340199643484
4.226806508814909
4.227273035532025
4.228206742415919
4.228673922989704
4.229608939420611
4.229608939420611
4.231013105342877
4.231950312534251
4.232419245719866
4.234767215805364
4.234767215805364
4.235707949647084
4.236178648643772
4.236649569302346
4.236649569302346
4.237120711831673
4.237592076440919
4.237592076440919
4.238063663339544
4.238063663339544
4.239479759870736
4.239479759870736
4.240424939525223
4.240424939525223
4.240897864575419
4.242317983157281
4.243740121344349
4.243740121344349
4.244214617201412
4.244689338311681
4.245639457148001
4.245639457148001
4.246114855302902
4.246590479568705
4.2475424072940875
4.248495242049359
4.248495242049359
4.249448985564669
4.249448985564669
4.249448985564669
4.2504036395751195
4.2504036395751195
4.250881308559602
4.252315686046745
4.252794269449036
4.2537521239284
4.254231395444884
4.255190628132344
4.256150781830687
4.256150781830687
4.256631204611967
4.257592743147589
4.257592743147589
4.258555207129489
4.260000642216129
4.260965427626227
4.261931144746186
4.262414353260058
4.262414353260058
4.262897795377282
4.265318517934349
4.265803366428696
4.265803366428696
4.266288450115143
4.266288450115143
4.267259323977812
4.268231141352644
4.269203904075266
4.269690640517098
4.270177613986668
4.2716399588731475
4.2716399588731475
4.2716399588731475
4.272616044846203
4.2735930844940295
4.274081962528699
4.274081962528699
4.274571079682007
4.27506043618798
4.27506043618798
4.276039868195757
4.2775108172229315
4.278001614778796
4.280951469425217
4.281936691179787
4.282429666294528
4.282922884553601
4.282922884553601
4.282922884553601
4.283416346196973
4.283416346196973
4.283910051464962
4.284404000598245
4.284404000598245
4.285392631425185
4.285392631425185
4.286877412692764
4.2878684930513895
4.2878684930513895
4.288364401814342
4.28985360536581
4.28985360536581
4.28985360536581
4.29134502995248
4.29134502995248
4.292838682209263
4.294334568800846
4.295333071130436
4.2958326964218685
4.2958326964218685
4.296832696505201
4.2973330717971026
4.298334574134192
4.298835701681638
4.299337080483817
4.300340592861058
4.300842726941405
4.301345113287064
4.301847752151629
4.302853788453785
4.303357186400484
4.304364743160783
4.304868902485805
4.305373316115668
4.305877984307051
4.306382907317021
4.306382907317021
4.307393518822944
4.307899207834985
4.309417811012175
4.3099245249829865
4.310938723852881
4.310938723852881
4.3114462092735675
4.312970212616542
4.313478730298489
4.31398750670224
4.315515390880293
4.316535278781038
4.316535278781038
4.3206252640325635
4.3206252640325635
4.32113769038249
4.322676546803121
4.3237037682596515
4.324217774953055
4.325761382154331
4.326276447836591
4.326276447836591
4.326276447836591
4.326791778948228
4.32730737576295
4.32782323855489
4.328855763169079
4.329889354992361
4.33040655179727
4.33040655179727
4.330924016233138
4.330924016233138
4.331441748577087
4.331441748577087
4.33195974910667
4.33195974910667
4.332996555835111
4.332996555835111
4.332996555835111
4.332996555835111
4.334034438647531
4.334553784283717
4.335593285416822
4.335593285416822
4.336113441475364
4.336633868237045
4.336633868237045
4.3371545659837745
4.3371545659837745
4.337675534997902
4.337675534997902
4.337675534997902
4.338196775562218
4.339762129390855
4.339762129390855
4.339762129390855
4.341329937394255
4.341329937394255
4.341329937394255
4.341853086765329
4.341853086765329
4.342376509964926
4.344472946791454
4.344472946791454
4.346573787900266
4.347099688517172
4.348152320193315
4.348679051835728
4.350260913489075
4.350788757259578
4.351316879796278
4.352902922951913
4.353961684300155
4.355021567812199
4.3555519311234905
4.357144710860276
4.357144710860276
4.357144710860276
4.357676201704571
4.357676201704571
4.358740031592136
4.358740031592136
4.3592723712373935
4.359804994419092
4.359804994419092
4.359804994419092
4.360337901439432
4.360337901439432
4.36087109260109
4.3619383285615125
4.362472373968064
4.363006704731512
4.364076223550039
4.364611412216814
4.365146887463879
4.3656826495983125
4.366218698927685
4.366755035760065
4.367291660404013
4.367828573168589
4.368365774363351
4.369441043284158
4.369441043284158
4.369979111631817
4.370517469652896
4.371595055964066
4.373753718432104
4.373753718432104
4.374834799618476
4.374834799618476
4.375375778803972
4.375375778803972
4.375917050806361
4.376458615942804
4.377000474530974
4.3775426268890625
4.3775426268890625
4.37862781419035
4.379170849772524
4.37971418040257
4.38025780640128
4.38080172808997
4.381345945790476
4.381890459825166
4.382980378189191
4.382980378189191
4.386257278991506
4.386257278991506
4.3873519698506875
4.38789976498901
4.38789976498901
4.388447860371325
4.388447860371325
4.388996256326939
4.389544953185698
4.390643250934761
4.392292962609431
4.393945400330519
4.393945400330519
4.395048544402677
4.39615290674573
4.3972584900534795
4.3994733303830325
4.3994733303830325
4.400027807802284
4.401137685829645
4.401137685829645
4.402804815974036
4.403361144222043
4.405589557400469
4.405589557400469
4.407822947496882
4.408382075272142
4.408382075272142
4.408382075272142
4.409501269569157
4.410061336791862
4.411743422974847
4.412866387719471
4.413428343339766
4.413990614931752
4.415679329096085
4.416242868136076
4.416242868136076
4.417935393222768
4.419065336845816
4.419065336845816
4.419630787808012
4.419630787808012
4.419630787808012
4.420762649841696
4.421329061638204
4.421895794438865
4.422462848607731
4.422462848607731
4.423030224509477
4.423030224509477
4.424165942973404
4.425302952760479
4.425871942818504
4.42644125681054
4.4275808580734735
4.4275808580734735
4.4281511460843666
4.4281511460843666
4.42929269871975
4.4298639640880415
4.431007474790121
4.431579720871545
4.431579720871545
4.432152294606054
4.432725196369074
4.433871985485581
4.433871985485581
4.436744725180264
4.439048873665114
4.439048873665114
4.439625741289995
4.440202941883221
4.440780475829392
4.440780475829392
4.443093952858923
4.443673159362228
4.444832579781963
4.445412794477672
4.445412794477672
4.445412794477672
4.446574234794062
4.447737025622752
4.448318928461401
4.448901170108126
4.448901170108126
4.450066671405561
4.4506499318478765
4.4506499318478765
4.4518174743039145
4.4518174743039145
4.4518174743039145
4.452401757113408
4.452401757113408
4.452401757113408
4.4570883503429135
4.458263438609739
4.459439909333669
4.460028664134309
4.460028664134309
4.460028664134309
4.460617765771375
4.461207214653753
4.462977648872466
4.462977648872466
4.464159682107021
4.464159682107021
4.4647512230884825
4.4647512230884825
4.465935355849699
4.465935355849699
4.465935355849699
4.466527948459634
4.468307836203329
4.468901836814795
4.469496190472708
4.470090897596986
4.470685958608297
4.47128137392806
4.47187714397845
4.473069749963573
4.473666586746434
4.474263779956181
4.476057502410208
4.477255107343766
4.477255107343766
4.47785444808691
4.479054208278813
4.4796546285910575
4.4796546285910575
4.481458055590208
4.481458055590208
4.482662149655012
4.483264740815157
4.484471013579038
4.485074696060397
4.485074696060397
4.4856787431944385
4.4856787431944385
4.4856787431944385
4.487493076924678
4.487493076924678
4.4880985870854735
4.4880985870854735
4.488704464110975
4.489310708446003
4.490524300827961
4.491131649768587
4.4917393678061295
4.492347455389476
4.492347455389476
4.492955912968333
4.496003766592587
4.496614453634467
4.497836947674248
4.498448755585653
4.499060938035137
4.499060938035137
4.499060938035137
4.500899737204794
4.500899737204794
4.501513422403557
4.501513422403557
4.502127484443116
4.502127484443116
4.502741923786564
4.503356740897845
4.5045875102839785
4.50520346349101
4.505819796330243
4.505819796330243
4.505819796330243
4.507053602779171
4.507053602779171
4.5076710773279665
4.508288933387164
4.508907171428494
4.509525791924561
4.510144795348845
4.512004107939028
4.512624647828627
4.512624647828627
4.513245573027093
4.513866884013218
4.51448858126669
4.51448858126669
4.516355995441486
4.518226903377297
4.518226903377297
4.518226903377297
4.5188513180088865
4.5188513180088865
4.5194761227777285
4.520101318171648
4.520726904679382
4.522606015786656
4.523233171655441
4.523860721095553
4.523860721095553
4.523860721095553
4.524488664601273
4.524488664601273
4.525117002667814
4.525117002667814
4.525745735791324
4.5263748644688855
4.5263748644688855
4.5276343104791925
4.5276343104791925
4.5295264586312305
4.5295264586312305
4.531422193796129
4.531422193796129
4.532054904984589
4.532688016749959
4.533321529599782
4.533955444042563
4.534589760587777
4.534589760587777
4.535224479745868
4.535224479745868
4.537767392749981
4.538404132663247
4.538404132663247
4.538404132663247
4.539041278272569
4.539041278272569
4.540955154454853
4.5415939280313475
4.5415939280313475
4.542233109900345
4.542872700584125
4.542872700584125
4.542872700584125
4.54351270060597
4.54351270060597
4.54351270060597
4.54351270060597
4.54351270060597
4.544793930762019
4.544793930762019
4.546076804574908
4.546076804574908
4.547361326267264
4.547361326267264
4.5480042063922665
4.5480042063922665
4.548647500078009
4.548647500078009
4.551224821092309
4.551224821092309
4.551870190588732
4.552515976855929
4.552515976855929
4.553162180432535
4.553808801858234
4.553808801858234
4.553808801858234
4.5544558416737555
4.55510330042088
4.557048195685486
4.5576973355979264
4.559647287467006
4.560949370984304
4.5622531521337875
4.5622531521337875
4.5622531521337875
4.5629056807050645
4.5629056807050645
4.5629056807050645
4.563558635347918
4.563558635347918
4.564212016619121
4.564212016619121
4.564865825076539
4.564865825076539
4.565520061279136
4.5674853419640895
4.5674853419640895
4.5674853419640895
4.5707694171652795
4.571427528409829
4.571427528409829
4.571427528409829
4.571427528409829
4.572745051657069
4.574724597008207
4.574724597008207
4.5786954824377
4.5786954824377
4.5786954824377
4.579358832379106
4.580022622645763
4.582016641252627
4.5840146439153004
4.5840146439153004
4.5840146439153004
4.584681532903004
4.585348866928436
4.585348866928436
4.586684872471179
4.586684872471179
4.588692233466411
4.590032716240863
4.590032716240863
4.590032716240863
4.590703632066097
4.592719084545446
4.594064979768802
4.595412688867669
4.596762216737803
4.59743766424744
4.598789929497454
4.600144025845184
4.600821762231681
4.601499958256319
4.6021786145429715
4.6021786145429715
4.60285773171678
4.60285773171678
4.60285773171678
4.604217351232819
4.604217351232819
4.604217351232819
4.604897854831724
4.604897854831724
4.60557882183114
4.606942148559004
4.607624509554434
4.608307336484344
4.608307336484344
4.6096743906958775
4.61104331630322
4.61104331630322
4.611728482482816
4.613100224810396
4.613100224810396
4.613100224810396
4.613100224810396
4.6137868022489705
4.6137868022489705
4.6144738514000085
4.61653783562086
4.617226778121414
4.617226778121414
4.617916195590982
4.61929645805994
4.61929645805994
4.61929645805994
4.620678628286892
4.621370430459069
4.62206271155283
4.623448713160707
4.624142435006079
4.624142435006079
4.624142435006079
4.624836638435555
4.625531324118233
4.625531324118233
4.626922144926576
4.626922144926576
4.627618281397432
4.627618281397432
4.62831490281188
4.6290120098460354
4.6290120098460354
4.62970960317743
4.63110625144915
4.631805307751648
4.631805307751648
4.6325048530757345
4.6325048530757345
4.6332048881060715
4.633905413528765
4.633905413528765
4.636009939033681
4.636712432915749
4.637415420642415
4.638118902908501
4.638822880410295
4.638822880410295
4.639527353845558
4.640232323913529
4.640937791314921
4.640937791314921
4.641643756751936
4.643764648321074
4.6444726129524145
4.6444726129524145
4.645181079152787
4.645181079152787
4.6458900476333875
4.646599519106921
4.646599519106921
4.647309494287613
4.647309494287613
4.648019973891213
4.649442449237755
4.650154446419845
4.650154446419845
4.650154446419845
4.650866950903141
4.650866950903141
4.652293484668594
4.653007515402251
4.65515267174864
4.65515267174864
4.655868747683284
4.656585336750135
4.656585336750135
4.658738190111237
4.658738190111237
4.658738190111237
4.660895688251258
4.66233661069077
4.663057851255753
4.665224699340843
4.665224699340843
4.665948026677986
4.665948026677986
4.667396252854351
4.667396252854351
4.667396252854351
4.6681211532123
4.6681211532123
4.669572532276947
4.6717535582233065
4.67248162523763
4.673210222719771
4.673210222719771
4.673210222719771
4.674669012183431
4.674669012183431
4.675399205717152
4.675399205717152
4.675399205717152
4.676129932823105
4.676861194281652
4.676861194281652
4.677592990874866
4.678325323386542
4.678325323386542
4.678325323386542
4.679791599309069
4.679791599309069
4.679791599309069
