1.5311146973049679
1.5864839884199295
2.2336557761164135
2.2360738492004573
2.2365199221726457
2.4634311589042888
2.481507829304468
2.489438214651194
2.670726077867835
2.8586324222837285
2.8601771911727036
2.9399820867167006
2.9579162905880922
2.963307139222969
2.9744434070359653
3.0158154794977974
3.051313797701582
3.081419827099249
3.11047282256451
3.1816829050977855
3.215205597136429
3.216223754359969
3.229382963304251
3.247786260468893
3.2507695038852247
3.261547945541575
3.263682038473169
3.2649290324888596
3.2702909756302447
3.3730662258529387
3.405769988162095
3.443194654594633
3.455843553005646
3.4816316953509974
3.5004031962605477
3.5193039069228718
3.549644623975544
3.5620434475723983
3.573141269555197
3.5770304334267227
3.5814238991220613
3.584363636662986
3.626709935950531
3.6401087450081717
3.650014978260372
3.6529009831495065
3.664794872535265
3.751975464488736
3.753717625208121
3.8360636713146805
3.842394809904577
3.8779512380888086
3.8799275233170203
3.881907721983883
3.8928694660260277
3.910050282772129
3.9209830872599785
3.952742867073442
3.9648728766658503
4.008525506823587
4.0160528287785
4.05299431286379
4.076394151098258
4.128701730079568
4.1308181329859455
4.135064423867397
4.141896218159101
4.148775007105905
4.1492065065732255
4.163989384475806
4.164865808721213
4.176329779068823
4.183897142133731
4.191522207111174
4.199659684203258
4.209237864612586
4.225408233126821
4.225874107814958
4.2333577723021305
4.237120711831673
4.23900750484425
4.245639457148001
4.258555207129489
4.264349525610468
4.265803366428696
4.283416346196973
4.284404000598245
4.29084764123295
4.300842726941405
4.31043149584302
4.351316879796278
4.3656826495983125
4.366218698927685
4.370517469652896
4.372673804720241
4.382980378189191
4.384071485771526
4.395048544402677
4.411743422974847
4.428721759509265
4.440780475829392
4.467120892443801
4.4856787431944385
4.496003766592587
4.510144795348845
4.515733136498895
4.5194761227777285
4.522606015786656
4.5263748644688855
4.530789882678002
4.5480042063922665
4.55575117864244
4.566174725786969
4.570111738746308
4.5840146439153004
4.586016646585973
4.596087225149569
4.59743766424744
4.60285773171678
4.6089906299854775
4.617226778121414
4.623448713160707
4.624142435006079
4.635307938302851
4.658020057225796
4.663779612384163
4.67248162523763
4.674669012183431
4.676129932823105
4.676861194281652
4.704300809789802
4.709577866890646
4.721745317381379
4.724810453880757
4.728655133741566
4.737165823409475
4.740278666389965
4.740278666389965
4.752827850684462
4.755198456298799
4.762344179439717
4.772756768512178
4.784092922298513
4.785722914509445
4.78735556793333
4.789809556894896
4.793912968479489
4.821426167027215
4.825661666794069
4.8324760032138
4.835043398719045
4.846245583937557
4.847112510736542
4.881522610518372
4.882420679730057
4.887826098296965
4.895989408936125
4.901468874700751
4.904219908072641
4.907899765031042
4.926504952862076
4.9397376601286505
4.951221039906374
4.961864584990491
4.967718260241952
4.968697212840936
4.970657997782877
4.970657997782877
4.972622634957042
4.974591139529713
4.990480252357048
5.009682459340984
5.012748378962819
5.023036535552307
5.025106929666616
5.03030174654372
5.040773046411015
5.043935937819523
5.049229756429239
5.054551748767179
5.0620504448583
5.063126292191763
5.064203298219401
5.076127558749136
5.076127558749136
5.080499150410633
5.083790431494705
5.085990652404308
5.099294618030671
5.11504297499881
5.116177405069422
5.12186894006921
5.126445607096622
5.12989190574021
5.12989190574021
5.131043316345251
5.134505524073722
5.141466109021346
5.147303837217032
5.150822902432227
5.156715671399378
5.157898403648428
5.159082536409644
5.1602680730037465
5.165024324538395
5.166216930523518
5.166216930523518
5.174605236150153
5.180640257484623
5.18306450109613
5.189150947152532
5.190372694402854
5.206392753587038
5.210126423139087
5.216380352215387
5.235380290460291
5.2417946806379545
5.243082510822383
5.2469559824181795
5.2521440614999575
5.26655164536323
5.2678717775681525
5.278496047488382
5.2811698458727845
5.283850812626042
5.286538986287843
5.2932912064051285
5.30008932911895
5.30008932911895
5.30145451704429
5.302821571255823
5.3165958937206526
5.3165958937206526
5.319373673284555
5.323554864044956
5.323554864044956
5.33056260120236
5.33056260120236
5.334790937311881
5.339037228193333
5.34330162697979
5.344727143971012
5.354763070498797
5.360543433414296
5.361993759991943
5.369277113383051
5.370740171434812
5.370740171434812
5.378087743065206
5.378087743065206
5.382522340133072
5.38846589403392
5.389957318620589
5.392946857468956
5.398952881529167
5.4004600408197385
5.4004600408197385
5.412599795370349
5.414127679548403
5.414127679548403
5.420262668115918
5.429536304901248
5.431090306767982
5.4420364676654795
5.446764608861425
5.448345636858744
5.461084662636174
5.467515552966464
5.467515552966464
5.467515552966464
5.475612763199083
5.480502748493276
5.485416763295705
5.4887062399461035
5.490355044936287
5.495317834278416
5.49697758569678
5.5003053757894556
5.50364427705497
5.510355711642957
5.515419013599503
5.517112494105836
5.527334048177375
5.53248427415369
5.53248427415369
5.534206927465136
5.535932553432606
5.54112737030971
5.542864990208251
5.544605634686035
5.558640952802419
5.558640952802419
5.5604092998591605
5.56573318111191
5.5891365894960705
5.594616055260697
5.598285784149659
5.601969029565955
5.613100869934799
5.613100869934799
5.616839192045407
5.620591541663957
5.6262465991473025
5.62813874729934
5.62813874729934
5.62813874729934
5.630034482464239
5.633836768413977
5.641484989252234
5.643406219430128
5.655011765550436
5.6608654408018975
5.6608654408018975
5.672676601730242
5.680628929920736
5.68262693258341
5.684628935254083
5.684628935254083
5.692677268436912
5.694699513817679
5.696725856962911
5.696725856962911
5.700790903211081
5.700790903211081
5.708970907923011
5.717218377353029
5.7318171767741815
5.733920226970961
5.740256045420046
5.7445023363014975
5.746632262559322
5.746632262559322
5.748766735087955
5.748766735087955
5.750905773336704
5.759507976919367
5.759507976919367
5.766008541522461
5.7703658468914165
5.7703658468914165
5.7703658468914165
5.772551640111397
5.774742221491215
5.774742221491215
5.774742221491215
5.776937612054651
5.7791378329642535
5.781342905522568
5.790212143263347
5.792441798590616
5.794676436392033
5.796916078985538
5.796916078985538
5.799160748839361
5.803665260960466
5.805925148927903
5.8104603040932945
5.817301835910011
5.817301835910011
5.821888999916918
5.821888999916918
5.826497303003111
5.826497303003111
5.828809442761491
5.831126940901854
5.835778112077584
5.838111835423804
5.840451017776977
5.847501575773644
5.849862851959323
5.849862851959323
5.85460219732322
5.856980319728187
5.856980319728187
5.8593641110834636
5.8641488092068
5.8641488092068
5.868956510774903
5.876211681656075
5.876211681656075
5.878641816509367
5.8859678566014395
5.8859678566014395
5.8859678566014395
5.893347963899062
5.895820153044451
5.905770483897619
5.910783025721163
5.913298750318411
5.913298750318411
5.915820819751121
5.91834926610448
5.920884121707668
5.92342541913634
5.941397661540771
5.943991696717817
5.946592478417875
5.946592478417875
5.951814422399027
5.959698825923175
5.959698825923175
5.959698825923175
5.967645887615707
5.97297923359107
5.978341176732455
5.981032968398166
5.983732025367331
5.986438386965074
5.989152092836671
5.991873182951031
6.0083570726727205
6.0083570726727205
6.013912642517322
6.0167020446049015
6.019499249225962
6.019499249225962
6.019499249225962
6.022304300153571
6.022304300153571
6.022304300153571
6.025117241530186
6.025117241530186
6.027938117871827
6.033603855407504
6.036448807539736
6.036448807539736
6.036448807539736
6.039301876522142
6.047910251058743
6.047910251058743
6.047910251058743
6.053690613974242
6.062424293942996
6.071234923625151
6.077152100653239
6.077152100653239
6.086094038028901
6.089092541025158
6.089092541025158
6.10117728024023
6.107274860108348
6.113409848675864
6.113409848675864
6.116491515213272
6.128914035211829
6.128914035211829
6.132043928220757
6.135183648225425
6.135183648225425
6.135183648225425
6.14149281741869
6.147842045097348
6.147842045097348
6.154231843196119
6.154231843196119
6.16066273352641
6.163893754107856
6.163893754107856
6.163893754107856
6.167135248032027
6.167135248032027
6.167135248032027
6.170387283418404
6.170387283418404
6.173649929053221
6.17692325439819
6.17692325439819
6.18020732959938
6.18020732959938
6.183502225496232
6.186808013630732
6.186808013630732
6.190124766256726
6.190124766256726
6.190124766256726
6.1934525563494
6.1934525563494
6.200141544500197
6.200141544500197
6.203502892202902
6.21365526366692
6.21365526366692
6.21365526366692
6.22048122873732
6.223911763834109
6.227354108025081
6.227354108025081
6.2308083428931695
6.2308083428931695
6.2308083428931695
6.234274550869656
6.234274550869656
6.2377528152459805
6.241243220185749
6.241243220185749
6.248260792844396
6.251788133362364
6.262445427836352
6.262445427836352
6.273217524818263
6.273217524818263
6.273217524818263
6.273217524818263
6.273217524818263
6.28046393333903
6.284106924617531
6.284106924617531
6.287763235820641
6.295116210125901
6.3062480504947445
6.3062480504947445
6.313738722223902
6.313738722223902
6.317505205019379
6.321285927859285
6.328890527244504
6.328890527244504
6.332714623682908
6.332714623682908
6.344275446083984
6.348158946110382
6.352057586526039
6.355971485847175
6.359900763987064
6.3638455422780815
6.3678059434941785
6.3678059434941785
6.3717820918738175
6.375774113143355
6.375774113143355
6.375774113143355
6.375774113143355
6.375774113143355
6.379782134540894
6.383806284840619
6.383806284840619
6.387846694377624
6.387846694377624
6.3959768204608745
6.4000668057124
6.4000668057124
6.404173587665053
6.408297304848915
6.408297304848915
6.41659610766361
6.420771479074091
6.420771479074091
6.420771479074091
6.424964357334127
6.424964357334127
6.424964357334127
6.42917488987047
6.433403225979991
6.433403225979991
6.437649516861443
6.437649516861443
6.4419139156479
6.446196577439901
6.450497659339291
6.450497659339291
6.454817320483808
6.454817320483808
6.459155722082406
6.459155722082406
6.459155722082406
6.467889402051161
6.467889402051161
6.472285013524199
6.472285013524199
6.476700031733316
6.476700031733316
6.481134628801182
6.481134628801182
6.485588979150561
6.490063259545483
6.4990723294878485
6.50360748465324
6.508163301189101
6.508163301189101
6.512739968216512
6.512739968216512
6.517337677465142
6.517337677465142
6.5219566233214366
6.53125901598375
6.53125901598375
6.535942865296176
6.535942865296176
6.540648756333589
6.540648756333589
6.545376897529535
6.5501275002881325
6.55490077904079
6.55490077904079
6.55490077904079
6.55490077904079
6.559696951304283
6.559696951304283
6.559696951304283
6.564516237740232
6.564516237740232
6.564516237740232
6.574225051867193
6.574225051867193
6.574225051867193
6.574225051867193
6.574225051867193
6.579115037161385
6.588967333604397
6.588967333604397
6.588967333604397
6.588967333604397
6.593930122946526
6.598917664457565
6.598917664457565
6.603930206281109
6.603930206281109
6.608968000311066
6.608968000311066
6.614031302267613
6.619120371775084
6.624235472441854
6.629376871942274
6.634544842100716
6.634544842100716
6.634544842100716
6.634544842100716
6.634544842100716
6.63973965897782
6.644961602958972
6.644961602958972
6.644961602958972
6.644961602958972
6.644961602958972
6.650210958845116
6.650210958845116
6.650210958845116
6.655488015945959
6.655488015945959
6.660793068175653
6.660793068175653
6.666126414151015
6.6714883572924
6.6714883572924
6.6714883572924
6.6714883572924
6.6714883572924
6.676879205927277
6.682299273396616
6.682299273396616
6.682299273396616
6.682299273396616
6.6877488781641805
6.693228343928806
6.698737999739776
6.698737999739776
6.7042781801153915
6.7042781801153915
6.709849225164847
6.709849225164847
6.709849225164847
6.709849225164847
6.715451480713517
6.715451480713517
6.715451480713517
6.715451480713517
6.721085298431772
6.732449057082087
6.732449057082087
6.732449057082087
6.743943436507823
6.743943436507823
6.743943436507823
6.755571474502942
6.755571474502942
6.755571474502942
6.755571474502942
6.755571474502942
6.755571474502942
6.76143659395534
6.76143659395534
6.767336316082528
6.767336316082528
6.767336316082528
6.767336316082528
6.773271051602342
6.773271051602342
6.779241218588846
6.785247242649058
6.8034848301988395
6.8034848301988395
6.809638695773217
6.809638695773217
6.809638695773217
6.815830666021139
6.815830666021139
6.815830666021139
6.822061215771774
6.822061215771774
6.822061215771774
6.822061215771774
6.822061215771774
6.822061215771774
6.822061215771774
6.82833082878537
6.834639997978635
6.834639997978635
6.840989225657293
6.840989225657293
6.847379023756065
6.847379023756065
6.847379023756065
6.853809914086355
6.853809914086355
6.853809914086355
6.853809914086355
6.853809914086355
6.860282428591972
6.860282428591972
6.866797109613166
6.866797109613166
6.866797109613166
6.873354510159325
6.873354510159325
6.873354510159325
6.873354510159325
6.879955194190677
6.879955194190677
6.879955194190677
6.8865997369093455
6.8865997369093455
6.8865997369093455
6.8865997369093455
6.893288725060143
6.893288725060143
6.900022757241486
6.900022757241486
6.906802444226865
6.906802444226865
6.906802444226865
6.906802444226865
6.906802444226865
6.913628409297265
6.913628409297265
6.913628409297265
6.913628409297265
6.920501288585027
6.927421731429601
6.927421731429601
6.927421731429601
6.927421731429601
6.927421731429601
6.934390400745694
6.934390400745694
6.934390400745694
6.934390400745694
6.934390400745694
6.941407973404341
6.941407973404341
6.941407973404341
6.948475140627433
6.948475140627433
6.955592608396297
6.955592608396297
6.955592608396297
6.9627610978749095
6.9627610978749095
6.9627610978749095
6.9627610978749095
6.9627610978749095
6.9627610978749095
6.9627610978749095
6.969981345848397
6.969981345848397
6.969981345848397
6.977254105177477
6.977254105177477
6.977254105177477
6.9845801452695495
6.9845801452695495
6.9845801452695495
6.9845801452695495
6.991960252567172
6.991960252567172
6.991960252567172
6.991960252567172
6.991960252567172
6.991960252567172
6.991960252567172
6.99939523105469
6.99939523105469
6.99939523105469
6.99939523105469
6.99939523105469
6.99939523105469
7.006885902783847
7.006885902783847
7.006885902783847
7.006885902783847
7.01443310841923
7.01443310841923
7.01443310841923
7.01443310841923
7.01443310841923
7.01443310841923
7.01443310841923
7.02203770780445
7.02203770780445
7.029700580550019
7.029700580550019
7.029700580550019
7.037422626643929
7.037422626643929
7.037422626643929
7.045204767085984
7.045204767085984
7.045204767085984
7.045204767085984
7.045204767085984
7.045204767085984
7.045204767085984
7.045204767085984
7.05304794454701
7.05304794454701
7.05304794454701
7.05304794454701
7.05304794454701
7.060953124054124
7.060953124054124
7.060953124054124
7.060953124054124
7.0689212937033
7.076953465400565
7.076953465400565
7.076953465400565
7.085050675633184
7.085050675633184
7.093213986272345
7.093213986272345
7.093213986272345
7.093213986272345
7.1014444854088605
7.1014444854088605
7.109743288223555
7.109743288223555
7.109743288223555
7.109743288223555
7.109743288223555
7.109743288223555
7.109743288223555
7.118111537894072
7.118111537894072
7.118111537894072
7.118111537894072
7.118111537894072
7.126550406539937
7.126550406539937
7.126550406539937
7.135061096207846
7.135061096207846
7.135061096207846
7.135061096207846
7.135061096207846
7.1436448398992365
7.1436448398992365
7.1436448398992365
7.1436448398992365
7.1436448398992365
7.1436448398992365
7.1436448398992365
7.1436448398992365
7.1436448398992365
7.152302902642352
7.152302902642352
7.152302902642352
7.152302902642352
7.161036582611106
7.161036582611106
7.161036582611106
7.161036582611106
7.161036582611106
7.161036582611106
7.161036582611106
7.169847212293261
7.169847212293261
7.169847212293261
7.178736159710507
7.178736159710507
7.178736159710507
7.187704829693267
7.187704829693267
7.187704829693267
7.187704829693267
7.187704829693267
7.196754665213185
7.2058871487764575
7.2058871487764575
7.2058871487764575
7.2058871487764575
7.215103803881382
7.215103803881382
7.215103803881382
7.215103803881382
7.215103803881382
7.215103803881382
7.224406196543695
7.224406196543695
7.224406196543695
7.224406196543695
7.224406196543695
7.224406196543695
7.224406196543695
7.233795936893534
7.233795936893534
7.233795936893534
7.233795936893534
7.233795936893534
7.233795936893534
7.233795936893534
7.233795936893534
7.233795936893534
7.243274680848078
7.243274680848078
7.243274680848078
7.243274680848078
7.243274680848078
7.243274680848078
7.243274680848078
7.243274680848078
7.2528441318642285
7.2528441318642285
7.2528441318642285
7.2528441318642285
7.2528441318642285
7.2528441318642285
7.2528441318642285
7.262506042775966
7.262506042775966
7.262506042775966
7.262506042775966
7.262506042775966
7.262506042775966
7.262506042775966
7.262506042775966
7.262506042775966
7.27226221772133
7.27226221772133
7.27226221772133
7.27226221772133
7.27226221772133
7.282114514164342
7.29206484501751
7.29206484501751
7.29206484501751
7.29206484501751
7.29206484501751
7.29206484501751
7.29206484501751
7.29206484501751
7.29206484501751
7.29206484501751
7.29206484501751
7.29206484501751
7.29206484501751
7.302115180871011
7.302115180871011
7.302115180871011
7.302115180871011
7.302115180871011
7.302115180871011
7.302115180871011
7.302115180871011
7.302115180871011
7.31226755233503
7.31226755233503
7.31226755233503
7.31226755233503
7.31226755233503
7.322524052502219
7.322524052502219
7.322524052502219
7.322524052502219
7.332886839537765
7.332886839537765
7.332886839537765
7.332886839537765
7.332886839537765
7.332886839537765
7.332886839537765
7.34335813940506
7.34335813940506
7.34335813940506
7.34335813940506
7.353940248735597
7.353940248735597
7.353940248735597
7.353940248735597
7.353940248735597
7.364635537852346
7.364635537852346
7.364635537852346
7.364635537852346
7.364635537852346
7.364635537852346
7.375446453956561
7.375446453956561
7.375446453956561
7.375446453956561
7.375446453956561
7.386375524488751
7.386375524488751
7.386375524488751
7.386375524488751
7.397425360675337
7.397425360675337
7.397425360675337
7.397425360675337
7.397425360675337
7.397425360675337
7.397425360675337
7.397425360675337
7.397425360675337
7.397425360675337
7.397425360675337
7.408598661273461
7.408598661273461
7.408598661273461
7.408598661273461
7.408598661273461
7.408598661273461
7.408598661273461
7.408598661273461
7.419898216527395
7.419898216527395
7.419898216527395
7.419898216527395
7.419898216527395
7.419898216527395
7.419898216527395
7.419898216527395
7.431326912351017
7.431326912351017
7.431326912351017
7.431326912351017
7.431326912351017
7.442887734752094
7.442887734752094
7.442887734752094
7.442887734752094
7.454583774515285
7.454583774515285
7.454583774515285
7.454583774515285
7.454583774515285
7.466418232162288
7.466418232162288
7.466418232162288
7.466418232162288
7.466418232162288
7.466418232162288
7.478394423209004
7.478394423209004
7.478394423209004
7.478394423209004
7.478394423209004
7.478394423209004
7.478394423209004
7.478394423209004
7.4905157837413485
7.4905157837413485
7.4905157837413485
7.4905157837413485
7.4905157837413485
7.4905157837413485
7.4905157837413485
7.4905157837413485
7.4905157837413485
7.502785876333163
7.502785876333163
7.502785876333163
7.502785876333163
7.502785876333163
7.502785876333163
7.51520839633172
7.51520839633172
7.51520839633172
7.51520839633172
7.51520839633172
7.51520839633172
7.51520839633172
7.51520839633172
7.52778717853858
7.52778717853858
7.52778717853858
7.54052620431601
7.54052620431601
7.54052620431601
7.54052620431601
7.54052620431601
7.54052620431601
7.54052620431601
7.553429609151918
7.553429609151918
7.553429609151918
7.553429609151918
7.553429609151918
7.553429609151918
7.566501690719271
7.566501690719271
7.566501690719271
7.566501690719271
7.566501690719271
7.566501690719271
7.566501690719271
7.566501690719271
7.566501690719271
7.566501690719271
7.579746917469291
7.579746917469291
7.579746917469291
7.579746917469291
7.579746917469291
7.579746917469291
7.579746917469291
7.579746917469291
7.579746917469291
7.593169937801432
7.593169937801432
7.593169937801432
7.593169937801432
7.593169937801432
7.593169937801432
7.593169937801432
7.593169937801432
7.593169937801432
7.593169937801432
7.593169937801432
7.593169937801432
7.593169937801432
7.593169937801432
7.593169937801432
7.593169937801432
7.60677558985721
7.60677558985721
7.60677558985721
7.620568911989547
7.620568911989547
7.620568911989547
7.620568911989547
7.620568911989547
7.620568911989547
7.620568911989547
7.620568911989547
7.620568911989547
7.620568911989547
7.620568911989547
7.620568911989547
7.620568911989547
7.634555153964286
7.634555153964286
7.634555153964286
7.634555153964286
7.634555153964286
7.634555153964286
7.634555153964286
7.634555153964286
7.6487397889562425
7.6487397889562425
7.6487397889562425
7.6487397889562425
7.6487397889562425
7.6487397889562425
7.6487397889562425
7.6487397889562425
7.6487397889562425
7.6487397889562425
7.6487397889562425
7.663128526408342
7.663128526408342
7.663128526408342
7.663128526408342
7.663128526408342
7.663128526408342
7.663128526408342
7.663128526408342
7.663128526408342
7.663128526408342
7.663128526408342
7.663128526408342
7.663128526408342
7.663128526408342
7.677727325829495
7.677727325829495
7.677727325829495
7.677727325829495
7.677727325829495
7.677727325829495
7.677727325829495
7.692542411614635
7.692542411614635
7.692542411614635
7.692542411614635
7.692542411614635
7.692542411614635
7.692542411614635
7.692542411614635
7.692542411614635
7.692542411614635
7.692542411614635
7.692542411614635
7.692542411614635
7.707580288979176
7.707580288979176
7.707580288979176
7.707580288979176
7.707580288979176
7.707580288979176
7.707580288979176
7.707580288979176
7.707580288979176
7.707580288979176
7.707580288979176
7.707580288979176
7.722847761109964
7.722847761109964
7.722847761109964
7.722847761109964
7.722847761109964
7.722847761109964
7.722847761109964
7.722847761109964
7.722847761109964
7.722847761109964
7.722847761109964
7.722847761109964
7.722847761109964
7.7383519476459295
7.7383519476459295
7.7383519476459295
7.7383519476459295
7.7383519476459295
7.7383519476459295
7.7383519476459295
7.7383519476459295
7.7383519476459295
7.7383519476459295
7.754100304614069
7.754100304614069
7.754100304614069
7.754100304614069
7.754100304614069
7.754100304614069
7.754100304614069
7.754100304614069
7.754100304614069
7.754100304614069
7.754100304614069
7.77010064596051
7.77010064596051
7.77010064596051
7.77010064596051
7.77010064596051
7.77010064596051
7.7863611668322905
7.7863611668322905
7.7863611668322905
7.7863611668322905
7.7863611668322905
7.7863611668322905
7.7863611668322905
7.7863611668322905
7.7863611668322905
7.7863611668322905
7.7863611668322905
7.7863611668322905
7.802890468783501
7.802890468783501
7.802890468783501
7.802890468783501
7.802890468783501
7.802890468783501
7.802890468783501
7.802890468783501
7.819697587099882
7.819697587099882
7.819697587099882
7.819697587099882
7.819697587099882
7.819697587099882
7.819697587099882
7.819697587099882
7.819697587099882
7.819697587099882
7.819697587099882
7.819697587099882
7.819697587099882
7.836792020459182
7.836792020459182
7.836792020459182
7.836792020459182
7.836792020459182
7.836792020459182
7.836792020459182
7.836792020459182
7.836792020459182
7.836792020459182
7.836792020459182
7.836792020459182
7.836792020459182
7.836792020459182
7.854183763171052
7.854183763171052
7.854183763171052
7.854183763171052
7.854183763171052
7.854183763171052
7.854183763171052
7.854183763171052
7.854183763171052
7.854183763171052
7.854183763171052
7.854183763171052
7.854183763171052
7.871883340270452
7.871883340270452
7.871883340270452
7.871883340270452
7.871883340270452
7.871883340270452
7.871883340270452
7.871883340270452
7.871883340270452
7.871883340270452
7.871883340270452
7.871883340270452
7.871883340270452
7.871883340270452
7.889901845773131
7.889901845773131
7.889901845773131
7.889901845773131
7.889901845773131
7.889901845773131
7.889901845773131
7.889901845773131
7.889901845773131
7.889901845773131
7.889901845773131
7.889901845773131
7.889901845773131
7.908250984441327
7.908250984441327
7.908250984441327
7.908250984441327
7.908250984441327
7.908250984441327
7.908250984441327
7.908250984441327
7.908250984441327
7.908250984441327
7.9269431174534795
7.9269431174534795
7.9269431174534795
7.9269431174534795
7.9269431174534795
7.9269431174534795
7.9269431174534795
7.9269431174534795
7.9269431174534795
7.9269431174534795
7.9269431174534795
7.9269431174534795
7.9269431174534795
7.9269431174534795
7.945991312424174
7.945991312424174
7.945991312424174
7.945991312424174
7.945991312424174
7.945991312424174
7.945991312424174
7.945991312424174
7.945991312424174
7.945991312424174
7.945991312424174
7.945991312424174
7.945991312424174
7.945991312424174
7.945991312424174
7.945991312424174
7.945991312424174
7.945991312424174
7.945991312424174
7.945991312424174
7.945991312424174
7.945991312424174
7.945991312424174
7.965409398281276
7.965409398281276
7.965409398281276
7.965409398281276
7.965409398281276
7.965409398281276
7.965409398281276
7.965409398281276
7.965409398281276
7.965409398281276
7.965409398281276
7.9852120255774555
7.9852120255774555
7.9852120255774555
7.9852120255774555
7.9852120255774555
7.9852120255774555
7.9852120255774555
7.9852120255774555
7.9852120255774555
7.9852120255774555
7.9852120255774555
7.9852120255774555
7.9852120255774555
7.9852120255774555
7.9852120255774555
7.9852120255774555
7.9852120255774555
8.005414732894975
8.005414732894975
8.005414732894975
8.005414732894975
8.005414732894975
8.005414732894975
8.005414732894975
8.005414732894975
8.005414732894975
8.005414732894975
8.005414732894975
8.005414732894975
8.005414732894975
8.005414732894975
8.026034020097711
8.026034020097711
8.026034020097711
8.026034020097711
8.026034020097711
8.026034020097711
8.026034020097711
8.026034020097711
8.026034020097711
8.026034020097711
8.026034020097711
8.026034020097711
8.026034020097711
8.026034020097711
8.026034020097711
8.026034020097711
8.026034020097711
8.026034020097711
8.026034020097711
8.047087429295543
8.047087429295543
8.047087429295543
8.047087429295543
8.047087429295543
8.047087429295543
8.047087429295543
8.047087429295543
8.047087429295543
8.047087429295543
8.047087429295543
8.047087429295543
8.068593634516507
8.068593634516507
8.068593634516507
8.068593634516507
8.068593634516507
8.068593634516507
8.068593634516507
8.068593634516507
8.068593634516507
8.068593634516507
8.068593634516507
8.068593634516507
8.068593634516507
8.068593634516507
8.068593634516507
8.090572541235282
8.090572541235282
8.090572541235282
8.090572541235282
8.090572541235282
8.090572541235282
8.090572541235282
8.090572541235282
8.090572541235282
8.090572541235282
8.090572541235282
8.090572541235282
8.090572541235282
8.090572541235282
8.090572541235282
8.090572541235282
8.090572541235282
8.11304539708734
8.11304539708734
8.11304539708734
8.11304539708734
8.11304539708734
8.11304539708734
8.11304539708734
8.11304539708734
8.11304539708734
8.11304539708734
8.11304539708734
8.11304539708734
8.11304539708734
8.11304539708734
8.13603491531204
8.13603491531204
8.13603491531204
8.13603491531204
8.13603491531204
8.13603491531204
8.13603491531204
8.13603491531204
8.13603491531204
8.13603491531204
8.13603491531204
8.13603491531204
8.13603491531204
8.13603491531204
8.13603491531204
8.13603491531204
8.159565412722234
8.159565412722234
8.159565412722234
8.159565412722234
8.159565412722234
8.159565412722234
8.159565412722234
8.159565412722234
8.159565412722234
8.159565412722234
8.159565412722234
8.159565412722234
8.159565412722234
8.159565412722234
8.159565412722234
8.159565412722234
8.159565412722234
8.159565412722234
8.159565412722234
8.159565412722234
8.159565412722234
8.159565412722234
8.183662964301293
8.183662964301293
8.183662964301293
8.183662964301293
8.183662964301293
8.183662964301293
8.183662964301293
8.183662964301293
8.183662964301293
8.183662964301293
8.183662964301293
8.183662964301293
8.183662964301293
8.183662964301293
8.183662964301293
8.183662964301293
8.183662964301293
8.183662964301293
8.208355576891664
8.208355576891664
8.208355576891664
8.208355576891664
8.208355576891664
8.208355576891664
8.208355576891664
8.208355576891664
8.208355576891664
8.208355576891664
8.208355576891664
8.208355576891664
8.208355576891664
8.208355576891664
8.208355576891664
8.208355576891664
8.208355576891664
8.208355576891664
8.208355576891664
8.208355576891664
8.208355576891664
8.208355576891664
8.208355576891664
8.208355576891664
8.208355576891664
8.208355576891664
8.208355576891664
8.208355576891664
8.208355576891664
8.208355576891664
8.208355576891664
8.208355576891664
8.208355576891664
8.208355576891664
8.208355576891664
8.233673384875955
8.233673384875955
8.233673384875955
8.233673384875955
8.233673384875955
8.233673384875955
8.233673384875955
8.233673384875955
8.233673384875955
8.233673384875955
8.233673384875955
8.233673384875955
8.233673384875955
8.233673384875955
8.233673384875955
8.233673384875955
8.233673384875955
8.233673384875955
8.233673384875955
8.233673384875955
8.259648871279216
8.259648871279216
8.259648871279216
8.259648871279216
8.259648871279216
8.259648871279216
8.259648871279216
8.259648871279216
8.259648871279216
8.259648871279216
8.259648871279216
8.259648871279216
8.259648871279216
8.259648871279216
8.259648871279216
8.259648871279216
8.259648871279216
8.259648871279216
8.259648871279216
8.259648871279216
8.259648871279216
8.259648871279216
8.259648871279216
8.259648871279216
8.259648871279216
8.259648871279216
8.259648871279216
8.259648871279216
8.286317118361376
8.286317118361376
8.286317118361376
8.286317118361376
8.286317118361376
8.286317118361376
8.286317118361376
8.286317118361376
8.286317118361376
8.286317118361376
8.286317118361376
8.286317118361376
8.286317118361376
8.286317118361376
8.286317118361376
8.286317118361376
8.286317118361376
8.286317118361376
8.286317118361376
8.286317118361376
8.286317118361376
8.286317118361376
8.286317118361376
8.286317118361376
8.286317118361376
8.286317118361376
8.286317118361376
8.313716092549491
8.313716092549491
8.313716092549491
8.313716092549491
8.313716092549491
8.313716092549491
8.313716092549491
8.313716092549491
8.313716092549491
8.313716092549491
8.313716092549491
8.313716092549491
8.313716092549491
8.313716092549491
8.313716092549491
8.313716092549491
8.313716092549491
8.313716092549491
8.313716092549491
8.313716092549491
8.341886969516187
8.341886969516187
8.341886969516187
8.341886969516187
8.341886969516187
8.341886969516187
8.341886969516187
8.341886969516187
8.341886969516187
8.341886969516187
8.341886969516187
8.341886969516187
8.341886969516187
8.341886969516187
8.341886969516187
8.341886969516187
8.341886969516187
8.341886969516187
8.341886969516187
8.341886969516187
8.341886969516187
8.341886969516187
8.341886969516187
8.341886969516187
8.37087450638944
8.37087450638944
8.37087450638944
8.37087450638944
8.37087450638944
8.37087450638944
8.37087450638944
8.37087450638944
8.37087450638944
8.37087450638944
8.37087450638944
8.37087450638944
8.37087450638944
8.37087450638944
8.37087450638944
8.37087450638944
8.37087450638944
8.37087450638944
8.37087450638944
8.37087450638944
8.37087450638944
8.37087450638944
8.37087450638944
8.40072746953912
8.40072746953912
8.40072746953912
8.40072746953912
8.40072746953912
8.40072746953912
8.40072746953912
8.40072746953912
8.40072746953912
8.40072746953912
8.40072746953912
8.40072746953912
8.40072746953912
8.40072746953912
8.40072746953912
8.40072746953912
8.40072746953912
8.40072746953912
8.40072746953912
8.40072746953912
8.40072746953912
8.40072746953912
8.40072746953912
8.40072746953912
8.40072746953912
8.40072746953912
8.40072746953912
8.431499128205875
8.431499128205875
8.431499128205875
8.431499128205875
8.431499128205875
8.431499128205875
8.431499128205875
8.431499128205875
8.431499128205875
8.431499128205875
8.431499128205875
8.431499128205875
8.431499128205875
8.431499128205875
8.431499128205875
8.431499128205875
8.431499128205875
8.431499128205875
8.431499128205875
8.431499128205875
8.431499128205875
8.431499128205875
8.431499128205875
8.431499128205875
8.431499128205875
8.431499128205875
8.431499128205875
8.431499128205875
8.431499128205875
8.431499128205875
8.431499128205875
8.431499128205875
8.431499128205875
8.431499128205875
8.431499128205875
8.463247826520455
8.463247826520455
8.463247826520455
8.463247826520455
8.463247826520455
8.463247826520455
8.463247826520455
8.463247826520455
8.463247826520455
8.463247826520455
8.463247826520455
8.463247826520455
8.463247826520455
8.463247826520455
8.463247826520455
8.463247826520455
8.463247826520455
8.463247826520455
8.463247826520455
8.463247826520455
8.463247826520455
8.463247826520455
8.463247826520455
8.463247826520455
8.463247826520455
8.463247826520455
8.463247826520455
8.496037649343446
8.496037649343446
8.496037649343446
8.496037649343446
8.496037649343446
8.496037649343446
8.496037649343446
8.496037649343446
8.496037649343446
8.496037649343446
8.496037649343446
8.496037649343446
8.496037649343446
8.496037649343446
8.496037649343446
8.496037649343446
8.496037649343446
8.496037649343446
8.496037649343446
8.496037649343446
8.496037649343446
8.496037649343446
8.496037649343446
8.496037649343446
8.496037649343446
8.496037649343446
8.496037649343446
8.496037649343446
8.496037649343446
8.496037649343446
8.496037649343446
8.496037649343446
8.496037649343446
8.496037649343446
8.496037649343446
8.496037649343446
8.496037649343446
8.496037649343446
8.496037649343446
8.496037649343446
8.496037649343446
8.496037649343446
8.529939201019127
8.529939201019127
8.529939201019127
8.529939201019127
8.529939201019127
8.529939201019127
8.529939201019127
8.529939201019127
8.529939201019127
8.529939201019127
8.529939201019127
8.529939201019127
8.529939201019127
8.529939201019127
8.529939201019127
8.529939201019127
8.529939201019127
8.529939201019127
8.529939201019127
8.529939201019127
8.529939201019127
8.529939201019127
8.529939201019127
8.529939201019127
8.529939201019127
8.529939201019127
8.529939201019127
8.529939201019127
8.529939201019127
8.529939201019127
8.529939201019127
8.529939201019127
8.529939201019127
8.529939201019127
8.529939201019127
8.529939201019127
8.529939201019127
8.529939201019127
8.529939201019127
8.529939201019127
8.529939201019127
8.529939201019127
8.529939201019127
8.529939201019127
8.565030520830398
8.565030520830398
8.565030520830398
8.565030520830398
8.565030520830398
8.565030520830398
8.565030520830398
8.565030520830398
8.565030520830398
8.565030520830398
8.565030520830398
8.565030520830398
8.565030520830398
8.565030520830398
8.565030520830398
8.565030520830398
8.565030520830398
8.565030520830398
8.565030520830398
8.565030520830398
8.565030520830398
8.565030520830398
8.601398165001273
8.601398165001273
8.601398165001273
8.601398165001273
8.601398165001273
8.601398165001273
8.601398165001273
8.601398165001273
8.601398165001273
8.601398165001273
8.601398165001273
8.601398165001273
8.601398165001273
8.601398165001273
8.601398165001273
8.601398165001273
8.601398165001273
8.601398165001273
8.601398165001273
8.601398165001273
8.601398165001273
8.601398165001273
8.601398165001273
8.601398165001273
8.601398165001273
8.601398165001273
8.601398165001273
8.601398165001273
8.601398165001273
8.601398165001273
8.601398165001273
8.601398165001273
8.63913849298412
8.63913849298412
8.63913849298412
8.63913849298412
8.63913849298412
8.63913849298412
8.63913849298412
8.63913849298412
8.63913849298412
8.63913849298412
8.63913849298412
8.63913849298412
8.63913849298412
8.63913849298412
8.63913849298412
8.63913849298412
8.63913849298412
8.63913849298412
8.63913849298412
8.63913849298412
8.63913849298412
8.63913849298412
8.63913849298412
8.63913849298412
8.63913849298412
8.63913849298412
8.63913849298412
8.63913849298412
8.63913849298412
8.63913849298412
8.63913849298412
8.63913849298412
8.63913849298412
8.63913849298412
8.63913849298412
8.6783592061374
8.6783592061374
8.6783592061374
8.6783592061374
8.6783592061374
8.6783592061374
8.6783592061374
8.6783592061374
8.6783592061374
8.6783592061374
8.6783592061374
8.6783592061374
8.6783592061374
8.6783592061374
8.6783592061374
8.6783592061374
8.6783592061374
8.6783592061374
8.6783592061374
8.6783592061374
8.6783592061374
8.6783592061374
8.6783592061374
8.6783592061374
8.6783592061374
8.6783592061374
8.6783592061374
8.6783592061374
8.6783592061374
8.6783592061374
8.6783592061374
8.6783592061374
8.6783592061374
8.6783592061374
8.6783592061374
8.6783592061374
8.6783592061374
8.6783592061374
8.6783592061374
8.6783592061374
8.6783592061374
8.6783592061374
8.6783592061374
8.6783592061374
8.6783592061374
8.6783592061374
8.6783592061374
8.6783592061374
8.6783592061374
8.719181200657657
8.719181200657657
8.719181200657657
8.719181200657657
8.719181200657657
8.719181200657657
8.719181200657657
8.719181200657657
8.719181200657657
8.719181200657657
8.719181200657657
8.719181200657657
8.719181200657657
8.719181200657657
8.719181200657657
8.719181200657657
8.719181200657657
8.719181200657657
8.719181200657657
8.719181200657657
8.719181200657657
8.719181200657657
8.719181200657657
8.719181200657657
8.719181200657657
8.719181200657657
8.719181200657657
8.719181200657657
8.719181200657657
8.719181200657657
8.719181200657657
8.719181200657657
8.719181200657657
8.719181200657657
8.719181200657657
8.719181200657657
8.719181200657657
8.719181200657657
8.719181200657657
8.719181200657657
8.719181200657657
8.719181200657657
8.719181200657657
8.719181200657657
8.719181200657657
8.719181200657657
8.719181200657657
8.719181200657657
8.719181200657657
8.719181200657657
8.719181200657657
8.719181200657657
8.719181200657657
8.719181200657657
8.719181200657657
8.719181200657657
8.719181200657657
8.719181200657657
8.719181200657657
8.719181200657657
8.761740815076452
8.761740815076452
8.761740815076452
8.761740815076452
8.761740815076452
8.761740815076452
8.761740815076452
8.761740815076452
8.761740815076452
8.761740815076452
8.761740815076452
8.761740815076452
8.761740815076452
8.761740815076452
8.761740815076452
8.761740815076452
8.761740815076452
8.761740815076452
8.761740815076452
8.761740815076452
8.761740815076452
8.761740815076452
8.761740815076452
8.761740815076452
8.761740815076452
8.761740815076452
8.761740815076452
8.761740815076452
8.761740815076452
8.761740815076452
8.761740815076452
8.761740815076452
8.761740815076452
8.761740815076452
8.761740815076452
8.761740815076452
8.761740815076452
8.761740815076452
8.761740815076452
8.761740815076452
8.761740815076452
8.761740815076452
8.761740815076452
8.761740815076452
8.761740815076452
8.761740815076452
8.761740815076452
8.761740815076452
8.761740815076452
8.761740815076452
8.761740815076452
8.806192577647286
8.806192577647286
8.806192577647286
8.806192577647286
8.806192577647286
8.806192577647286
8.806192577647286
8.806192577647286
8.806192577647286
8.806192577647286
8.806192577647286
8.806192577647286
8.806192577647286
8.806192577647286
8.806192577647286
8.806192577647286
8.806192577647286
8.806192577647286
8.806192577647286
8.806192577647286
8.806192577647286
8.806192577647286
8.806192577647286
8.806192577647286
8.806192577647286
8.806192577647286
8.806192577647286
8.806192577647286
8.806192577647286
8.806192577647286
8.806192577647286
8.806192577647286
8.806192577647286
8.806192577647286
8.806192577647286
8.806192577647286
8.806192577647286
8.806192577647286
8.806192577647286
8.806192577647286
8.806192577647286
8.806192577647286
8.806192577647286
8.806192577647286
8.806192577647286
8.806192577647286
8.806192577647286
8.806192577647286
8.806192577647286
8.806192577647286
8.806192577647286
8.806192577647286
8.806192577647286
8.806192577647286
8.806192577647286
8.806192577647286
8.806192577647286
8.85271259328218
8.85271259328218
8.85271259328218
8.85271259328218
8.85271259328218
8.85271259328218
8.85271259328218
8.85271259328218
8.85271259328218
8.85271259328218
8.85271259328218
8.85271259328218
8.85271259328218
8.85271259328218
8.85271259328218
8.85271259328218
8.85271259328218
8.85271259328218
8.85271259328218
8.85271259328218
8.85271259328218
8.85271259328218
8.85271259328218
8.85271259328218
8.85271259328218
8.85271259328218
8.85271259328218
8.85271259328218
8.85271259328218
8.85271259328218
8.85271259328218
8.85271259328218
8.85271259328218
8.85271259328218
8.85271259328218
8.85271259328218
8.85271259328218
8.85271259328218
8.85271259328218
8.85271259328218
8.85271259328218
8.85271259328218
8.85271259328218
8.85271259328218
8.85271259328218
8.85271259328218
8.85271259328218
8.85271259328218
8.90150275745161
8.90150275745161
8.90150275745161
8.90150275745161
8.90150275745161
8.90150275745161
8.90150275745161
8.90150275745161
8.90150275745161
8.90150275745161
8.90150275745161
8.90150275745161
8.90150275745161
8.90150275745161
8.90150275745161
8.90150275745161
8.90150275745161
8.90150275745161
8.90150275745161
8.90150275745161
8.90150275745161
8.90150275745161
8.90150275745161
8.90150275745161
8.90150275745161
8.90150275745161
8.90150275745161
8.90150275745161
8.90150275745161
8.90150275745161
8.90150275745161
8.90150275745161
8.90150275745161
8.90150275745161
8.90150275745161
8.90150275745161
8.90150275745161
8.90150275745161
8.90150275745161
8.90150275745161
8.90150275745161
8.90150275745161
8.90150275745161
8.90150275745161
8.90150275745161
8.90150275745161
8.90150275745161
8.90150275745161
8.90150275745161
8.90150275745161
8.90150275745161
8.952796051839162
8.952796051839162
8.952796051839162
8.952796051839162
8.952796051839162
8.952796051839162
8.952796051839162
8.952796051839162
8.952796051839162
8.952796051839162
8.952796051839162
8.952796051839162
8.952796051839162
8.952796051839162
8.952796051839162
8.952796051839162
8.952796051839162
8.952796051839162
8.952796051839162
8.952796051839162
8.952796051839162
8.952796051839162
8.952796051839162
8.952796051839162
8.952796051839162
8.952796051839162
8.952796051839162
8.952796051839162
8.952796051839162
8.952796051839162
8.952796051839162
8.952796051839162
8.952796051839162
8.952796051839162
8.952796051839162
8.952796051839162
8.952796051839162
8.952796051839162
8.952796051839162
8.952796051839162
8.952796051839162
8.952796051839162
8.952796051839162
8.952796051839162
8.952796051839162
8.952796051839162
8.952796051839162
8.952796051839162
8.952796051839162
8.952796051839162
8.952796051839162
8.952796051839162
8.952796051839162
8.952796051839162
8.952796051839162
9.006863273109436
9.006863273109436
9.006863273109436
9.006863273109436
9.006863273109436
9.006863273109436
9.006863273109436
9.006863273109436
9.006863273109436
9.006863273109436
9.006863273109436
9.006863273109436
9.006863273109436
9.006863273109436
9.006863273109436
9.006863273109436
9.006863273109436
9.006863273109436
9.006863273109436
9.006863273109436
9.006863273109436
9.006863273109436
9.006863273109436
9.006863273109436
9.006863273109436
9.006863273109436
9.006863273109436
9.006863273109436
9.006863273109436
9.006863273109436
9.006863273109436
9.006863273109436
9.006863273109436
9.006863273109436
9.006863273109436
9.006863273109436
9.006863273109436
9.006863273109436
9.006863273109436
9.006863273109436
9.006863273109436
9.006863273109436
9.006863273109436
9.006863273109436
9.006863273109436
9.006863273109436
9.006863273109436
9.006863273109436
9.006863273109436
9.006863273109436
9.006863273109436
9.006863273109436
9.006863273109436
9.006863273109436
9.006863273109436
9.006863273109436
9.006863273109436
9.006863273109436
9.006863273109436
9.006863273109436
9.006863273109436
9.006863273109436
9.006863273109436
9.006863273109436
9.006863273109436
9.006863273109436
9.006863273109436
9.006863273109436
9.006863273109436
9.006863273109436
9.064021686949385
9.064021686949385
9.064021686949385
9.064021686949385
9.064021686949385
9.064021686949385
9.064021686949385
9.064021686949385
9.064021686949385
9.064021686949385
9.064021686949385
9.064021686949385
9.064021686949385
9.064021686949385
9.064021686949385
9.064021686949385
9.064021686949385
9.064021686949385
9.064021686949385
9.064021686949385
9.064021686949385
9.064021686949385
9.064021686949385
9.064021686949385
9.064021686949385
9.064021686949385
9.064021686949385
9.064021686949385
9.064021686949385
9.064021686949385
9.064021686949385
9.064021686949385
9.064021686949385
9.064021686949385
9.064021686949385
9.064021686949385
9.064021686949385
9.064021686949385
9.064021686949385
9.064021686949385
9.064021686949385
9.064021686949385
9.064021686949385
9.064021686949385
9.064021686949385
9.064021686949385
9.064021686949385
9.064021686949385
9.064021686949385
9.064021686949385
9.064021686949385
9.064021686949385
9.064021686949385
9.064021686949385
9.064021686949385
9.064021686949385
9.064021686949385
9.064021686949385
9.064021686949385
9.064021686949385
9.064021686949385
9.064021686949385
9.064021686949385
9.064021686949385
9.064021686949385
9.064021686949385
9.064021686949385
9.064021686949385
9.064021686949385
9.064021686949385
9.064021686949385
9.064021686949385
9.064021686949385
9.064021686949385
9.064021686949385
9.064021686949385
9.12464630876582
9.12464630876582
9.12464630876582
9.12464630876582
9.12464630876582
9.12464630876582
9.12464630876582
9.12464630876582
9.12464630876582
9.12464630876582
9.12464630876582
9.12464630876582
9.12464630876582
9.12464630876582
9.12464630876582
9.12464630876582
9.12464630876582
9.12464630876582
9.12464630876582
9.12464630876582
9.12464630876582
9.12464630876582
9.12464630876582
9.12464630876582
9.12464630876582
9.12464630876582
9.12464630876582
9.12464630876582
9.12464630876582
9.12464630876582
9.12464630876582
9.12464630876582
9.12464630876582
9.12464630876582
9.12464630876582
9.12464630876582
9.12464630876582
9.12464630876582
9.12464630876582
9.12464630876582
9.12464630876582
9.12464630876582
9.12464630876582
9.12464630876582
9.12464630876582
9.12464630876582
9.12464630876582
9.12464630876582
9.12464630876582
9.12464630876582
9.12464630876582
9.12464630876582
9.12464630876582
9.12464630876582
9.12464630876582
9.12464630876582
9.12464630876582
9.12464630876582
9.12464630876582
9.12464630876582
9.12464630876582
9.12464630876582
9.12464630876582
9.12464630876582
9.12464630876582
9.12464630876582
9.12464630876582
9.12464630876582
9.12464630876582
9.12464630876582
9.12464630876582
9.12464630876582
9.12464630876582
9.12464630876582
9.12464630876582
9.12464630876582
9.12464630876582
9.12464630876582
9.12464630876582
9.12464630876582
9.12464630876582
9.12464630876582
9.12464630876582
9.12464630876582
9.189184829903391
9.189184829903391
9.189184829903391
9.189184829903391
9.189184829903391
9.189184829903391
9.189184829903391
9.189184829903391
9.189184829903391
9.189184829903391
9.189184829903391
9.189184829903391
9.189184829903391
9.189184829903391
9.189184829903391
9.189184829903391
9.189184829903391
9.189184829903391
9.189184829903391
9.189184829903391
9.189184829903391
9.189184829903391
9.189184829903391
9.189184829903391
9.189184829903391
9.189184829903391
9.189184829903391
9.189184829903391
9.189184829903391
9.189184829903391
9.189184829903391
9.189184829903391
9.189184829903391
9.189184829903391
9.189184829903391
9.189184829903391
9.189184829903391
9.189184829903391
9.189184829903391
9.189184829903391
9.189184829903391
9.189184829903391
9.189184829903391
9.189184829903391
9.189184829903391
9.189184829903391
9.189184829903391
9.189184829903391
9.189184829903391
9.189184829903391
9.189184829903391
9.189184829903391
9.189184829903391
9.189184829903391
9.189184829903391
9.189184829903391
9.189184829903391
9.189184829903391
9.189184829903391
9.189184829903391
9.189184829903391
9.189184829903391
9.189184829903391
9.189184829903391
9.189184829903391
9.189184829903391
9.189184829903391
9.189184829903391
9.189184829903391
9.189184829903391
9.189184829903391
9.189184829903391
9.189184829903391
9.189184829903391
9.189184829903391
9.189184829903391
9.189184829903391
9.189184829903391
9.189184829903391
9.189184829903391
9.189184829903391
9.189184829903391
9.189184829903391
9.189184829903391
9.189184829903391
9.189184829903391
9.189184829903391
9.189184829903391
9.189184829903391
9.258177701390343
9.258177701390343
9.258177701390343
9.258177701390343
9.258177701390343
9.258177701390343
9.258177701390343
9.258177701390343
9.258177701390343
9.258177701390343
9.258177701390343
9.258177701390343
9.258177701390343
9.258177701390343
9.258177701390343
9.258177701390343
9.258177701390343
9.258177701390343
9.258177701390343
9.258177701390343
9.258177701390343
9.258177701390343
9.258177701390343
9.258177701390343
9.258177701390343
9.258177701390343
9.258177701390343
9.258177701390343
9.258177701390343
9.258177701390343
9.258177701390343
9.258177701390343
9.258177701390343
9.258177701390343
9.258177701390343
9.258177701390343
9.258177701390343
9.258177701390343
9.258177701390343
9.258177701390343
9.258177701390343
9.258177701390343
9.258177701390343
9.258177701390343
9.258177701390343
9.258177701390343
9.258177701390343
9.258177701390343
9.258177701390343
9.258177701390343
9.258177701390343
9.258177701390343
9.258177701390343
9.258177701390343
9.258177701390343
9.258177701390343
9.258177701390343
9.258177701390343
9.258177701390343
9.258177701390343
9.258177701390343
9.258177701390343
9.258177701390343
9.258177701390343
9.258177701390343
9.258177701390343
9.258177701390343
9.258177701390343
9.258177701390343
9.258177701390343
9.258177701390343
9.258177701390343
9.258177701390343
9.258177701390343
9.258177701390343
9.258177701390343
9.258177701390343
9.258177701390343
9.258177701390343
9.258177701390343
9.258177701390343
9.258177701390343
9.258177701390343
9.258177701390343
9.258177701390343
9.258177701390343
9.258177701390343
9.258177701390343
9.258177701390343
9.258177701390343
9.258177701390343
9.258177701390343
9.258177701390343
9.258177701390343
9.258177701390343
9.258177701390343
9.258177701390343
9.258177701390343
9.258177701390343
9.258177701390343
9.332285673544064
9.332285673544064
9.332285673544064
9.332285673544064
9.332285673544064
9.332285673544064
9.332285673544064
9.332285673544064
9.332285673544064
9.332285673544064
9.332285673544064
9.332285673544064
9.332285673544064
9.332285673544064
9.332285673544064
9.332285673544064
9.332285673544064
9.332285673544064
9.332285673544064
9.332285673544064
9.332285673544064
9.332285673544064
9.332285673544064
9.332285673544064
9.332285673544064
9.332285673544064
9.332285673544064
9.332285673544064
9.332285673544064
9.332285673544064
9.332285673544064
9.332285673544064
9.332285673544064
9.332285673544064
9.332285673544064
9.332285673544064
9.332285673544064
9.332285673544064
9.332285673544064
9.332285673544064
9.332285673544064
9.332285673544064
9.332285673544064
9.332285673544064
9.332285673544064
9.332285673544064
9.332285673544064
9.332285673544064
9.332285673544064
9.332285673544064
9.332285673544064
9.332285673544064
9.332285673544064
9.332285673544064
9.332285673544064
9.332285673544064
9.332285673544064
9.332285673544064
9.332285673544064
9.332285673544064
9.332285673544064
9.332285673544064
9.332285673544064
9.332285673544064
9.332285673544064
9.332285673544064
9.332285673544064
9.332285673544064
9.332285673544064
9.332285673544064
9.332285673544064
9.332285673544064
9.332285673544064
9.332285673544064
9.332285673544064
9.332285673544064
9.332285673544064
9.332285673544064
9.332285673544064
9.332285673544064
9.332285673544064
9.332285673544064
9.332285673544064
9.332285673544064
9.332285673544064
9.332285673544064
9.332285673544064
9.332285673544064
9.332285673544064
9.332285673544064
9.332285673544064
9.332285673544064
9.332285673544064
9.332285673544064
9.332285673544064
9.332285673544064
9.332285673544064
9.332285673544064
9.332285673544064
9.332285673544064
9.332285673544064
9.332285673544064
9.332285673544064
9.412328381217602
9.412328381217602
9.412328381217602
9.412328381217602
9.412328381217602
9.412328381217602
9.412328381217602
9.412328381217602
9.412328381217602
9.412328381217602
9.412328381217602
9.412328381217602
9.412328381217602
9.412328381217602
9.412328381217602
9.412328381217602
9.412328381217602
9.412328381217602
9.412328381217602
9.412328381217602
9.412328381217602
9.412328381217602
9.412328381217602
9.412328381217602
9.412328381217602
9.412328381217602
9.412328381217602
9.412328381217602
9.412328381217602
9.412328381217602
9.412328381217602
9.412328381217602
9.412328381217602
9.412328381217602
9.412328381217602
9.412328381217602
9.412328381217602
9.412328381217602
9.412328381217602
9.412328381217602
9.412328381217602
9.412328381217602
9.412328381217602
9.412328381217602
9.412328381217602
9.412328381217602
9.412328381217602
9.412328381217602
9.412328381217602
9.412328381217602
9.412328381217602
9.412328381217602
9.412328381217602
9.412328381217602
9.412328381217602
9.412328381217602
9.412328381217602
9.412328381217602
9.412328381217602
9.412328381217602
9.412328381217602
9.412328381217602
9.412328381217602
9.412328381217602
9.412328381217602
9.412328381217602
9.412328381217602
9.412328381217602
9.412328381217602
9.412328381217602
9.412328381217602
9.412328381217602
9.412328381217602
9.412328381217602
9.412328381217602
9.412328381217602
9.412328381217602
9.412328381217602
9.412328381217602
9.412328381217602
9.412328381217602
9.412328381217602
9.412328381217602
9.412328381217602
9.412328381217602
9.412328381217602
9.412328381217602
9.412328381217602
9.412328381217602
9.412328381217602
9.412328381217602
9.412328381217602
9.412328381217602
9.412328381217602
9.412328381217602
9.412328381217602
9.412328381217602
9.412328381217602
9.412328381217602
9.412328381217602
9.412328381217602
9.412328381217602
9.412328381217602
9.412328381217602
9.412328381217602
9.412328381217602
9.412328381217602
9.412328381217602
9.412328381217602
9.412328381217602
9.412328381217602
9.412328381217602
9.412328381217602
9.412328381217602
9.412328381217602
9.412328381217602
9.412328381217602
9.412328381217602
9.412328381217602
9.412328381217602
9.412328381217602
9.412328381217602
9.412328381217602
9.412328381217602
9.412328381217602
9.412328381217602
9.412328381217602
9.412328381217602
9.412328381217602
9.412328381217602
9.412328381217602
9.412328381217602
9.412328381217602
9.412328381217602
9.412328381217602
9.412328381217602
9.499339758207231
9.499339758207231
9.499339758207231
9.499339758207231
9.499339758207231
9.499339758207231
9.499339758207231
9.499339758207231
9.499339758207231
9.499339758207231
9.499339758207231
9.499339758207231
9.499339758207231
9.499339758207231
9.499339758207231
9.499339758207231
9.499339758207231
9.499339758207231
9.499339758207231
9.499339758207231
9.499339758207231
9.499339758207231
9.499339758207231
9.499339758207231
9.499339758207231
9.499339758207231
9.499339758207231
9.499339758207231
9.499339758207231
9.499339758207231
9.499339758207231
9.499339758207231
9.499339758207231
9.499339758207231
9.499339758207231
9.499339758207231
9.499339758207231
9.499339758207231
9.499339758207231
9.499339758207231
9.499339758207231
9.499339758207231
9.499339758207231
9.499339758207231
9.499339758207231
9.499339758207231
9.499339758207231
9.499339758207231
9.499339758207231
9.499339758207231
9.499339758207231
9.499339758207231
9.499339758207231
9.499339758207231
9.499339758207231
9.499339758207231
9.499339758207231
9.499339758207231
9.499339758207231
9.499339758207231
9.499339758207231
9.499339758207231
9.499339758207231
9.499339758207231
9.499339758207231
9.499339758207231
9.499339758207231
9.499339758207231
9.499339758207231
9.499339758207231
9.499339758207231
9.499339758207231
9.499339758207231
9.499339758207231
9.499339758207231
9.499339758207231
9.499339758207231
9.499339758207231
9.499339758207231
9.499339758207231
9.499339758207231
9.499339758207231
9.499339758207231
9.499339758207231
9.499339758207231
9.499339758207231
9.499339758207231
9.499339758207231
9.499339758207231
9.499339758207231
9.499339758207231
9.499339758207231
9.499339758207231
9.499339758207231
9.499339758207231
9.499339758207231
9.499339758207231
9.499339758207231
9.499339758207231
9.499339758207231
9.499339758207231
9.499339758207231
9.499339758207231
9.499339758207231
9.499339758207231
9.499339758207231
9.499339758207231
9.499339758207231
9.499339758207231
9.499339758207231
9.499339758207231
9.499339758207231
9.499339758207231
9.499339758207231
9.499339758207231
9.499339758207231
9.499339758207231
9.499339758207231
9.499339758207231
9.499339758207231
9.499339758207231
9.499339758207231
9.499339758207231
9.499339758207231
9.594649938011555
9.594649938011555
9.594649938011555
9.594649938011555
9.594649938011555
9.594649938011555
9.594649938011555
9.594649938011555
9.594649938011555
9.594649938011555
9.594649938011555
9.594649938011555
9.594649938011555
9.594649938011555
9.594649938011555
9.594649938011555
9.594649938011555
9.594649938011555
9.594649938011555
9.594649938011555
9.594649938011555
9.594649938011555
9.594649938011555
9.594649938011555
9.594649938011555
9.594649938011555
9.594649938011555
9.594649938011555
9.594649938011555
9.594649938011555
9.594649938011555
9.594649938011555
9.594649938011555
9.594649938011555
9.594649938011555
9.594649938011555
9.594649938011555
9.594649938011555
9.594649938011555
9.594649938011555
9.594649938011555
9.594649938011555
9.594649938011555
9.594649938011555
9.594649938011555
9.594649938011555
9.594649938011555
9.594649938011555
9.594649938011555
9.594649938011555
9.594649938011555
9.594649938011555
9.594649938011555
9.594649938011555
9.594649938011555
9.594649938011555
9.594649938011555
9.594649938011555
9.594649938011555
9.594649938011555
9.594649938011555
9.594649938011555
9.594649938011555
9.594649938011555
9.594649938011555
9.594649938011555
9.594649938011555
9.594649938011555
9.594649938011555
9.594649938011555
9.594649938011555
9.594649938011555
9.594649938011555
9.594649938011555
9.594649938011555
9.594649938011555
9.594649938011555
9.594649938011555
9.594649938011555
9.594649938011555
9.594649938011555
9.594649938011555
9.594649938011555
9.594649938011555
9.594649938011555
9.594649938011555
9.594649938011555
9.594649938011555
9.594649938011555
9.594649938011555
9.594649938011555
9.594649938011555
9.594649938011555
9.594649938011555
9.594649938011555
9.594649938011555
9.594649938011555
9.594649938011555
9.594649938011555
9.594649938011555
9.594649938011555
9.594649938011555
9.594649938011555
9.594649938011555
9.594649938011555
9.594649938011555
9.594649938011555
9.594649938011555
9.594649938011555
9.594649938011555
9.594649938011555
9.594649938011555
9.594649938011555
9.594649938011555
9.594649938011555
9.594649938011555
9.594649938011555
9.594649938011555
9.594649938011555
9.594649938011555
9.594649938011555
9.594649938011555
9.594649938011555
9.594649938011555
9.594649938011555
9.594649938011555
9.594649938011555
9.594649938011555
9.594649938011555
9.594649938011555
9.594649938011555
9.594649938011555
9.594649938011555
9.594649938011555
9.594649938011555
9.594649938011555
9.594649938011555
9.594649938011555
9.594649938011555
9.594649938011555
9.594649938011555
9.594649938011555
9.594649938011555
9.594649938011555
9.594649938011555
9.594649938011555
9.594649938011555
9.700010453669382
9.700010453669382
9.700010453669382
9.700010453669382
9.700010453669382
9.700010453669382
9.700010453669382
9.700010453669382
9.700010453669382
9.700010453669382
9.700010453669382
9.700010453669382
9.700010453669382
9.700010453669382
9.700010453669382
9.700010453669382
9.700010453669382
9.700010453669382
9.700010453669382
9.700010453669382
9.700010453669382
9.700010453669382
9.700010453669382
9.700010453669382
9.700010453669382
9.700010453669382
9.700010453669382
9.700010453669382
9.700010453669382
9.700010453669382
9.700010453669382
9.700010453669382
9.700010453669382
9.700010453669382
9.700010453669382
9.700010453669382
9.700010453669382
9.700010453669382
9.700010453669382
9.700010453669382
9.700010453669382
9.700010453669382
9.700010453669382
9.700010453669382
9.700010453669382
9.700010453669382
9.700010453669382
9.700010453669382
9.700010453669382
9.700010453669382
9.700010453669382
9.700010453669382
9.700010453669382
9.700010453669382
9.700010453669382
9.700010453669382
9.700010453669382
9.700010453669382
9.700010453669382
9.700010453669382
9.700010453669382
9.700010453669382
9.700010453669382
9.700010453669382
9.700010453669382
9.700010453669382
9.700010453669382
9.700010453669382
9.700010453669382
9.700010453669382
9.700010453669382
9.700010453669382
9.700010453669382
9.700010453669382
9.700010453669382
9.700010453669382
9.700010453669382
9.700010453669382
9.700010453669382
9.700010453669382
9.700010453669382
9.700010453669382
9.700010453669382
9.700010453669382
9.700010453669382
9.700010453669382
9.700010453669382
9.700010453669382
9.700010453669382
9.700010453669382
9.700010453669382
9.700010453669382
9.700010453669382
9.700010453669382
9.700010453669382
9.700010453669382
9.700010453669382
9.700010453669382
9.700010453669382
9.700010453669382
9.700010453669382
9.700010453669382
9.700010453669382
9.700010453669382
9.700010453669382
9.700010453669382
9.700010453669382
9.700010453669382
9.700010453669382
9.700010453669382
9.700010453669382
9.700010453669382
9.700010453669382
9.700010453669382
9.700010453669382
9.700010453669382
9.700010453669382
9.700010453669382
9.700010453669382
9.700010453669382
9.700010453669382
9.700010453669382
9.700010453669382
9.700010453669382
9.700010453669382
9.700010453669382
9.700010453669382
9.700010453669382
9.700010453669382
9.700010453669382
9.700010453669382
9.700010453669382
9.700010453669382
9.700010453669382
9.700010453669382
9.700010453669382
9.700010453669382
9.700010453669382
9.700010453669382
9.700010453669382
9.700010453669382
9.700010453669382
9.700010453669382
9.700010453669382
9.700010453669382
9.700010453669382
9.700010453669382
9.700010453669382
9.700010453669382
9.700010453669382
9.700010453669382
9.700010453669382
9.700010453669382
9.700010453669382
9.700010453669382
9.700010453669382
9.700010453669382
9.700010453669382
9.700010453669382
9.700010453669382
9.700010453669382
9.700010453669382
9.700010453669382
9.700010453669382
9.700010453669382
9.700010453669382
9.700010453669382
9.700010453669382
9.700010453669382
9.700010453669382
9.700010453669382
9.700010453669382
