6.0083570726727205
6.0083570726727205
6.013912642517322
6.0167020446049015
6.019499249225962
6.019499249225962
6.019499249225962
6.022304300153571
6.022304300153571
6.022304300153571
6.025117241530186
6.025117241530186
6.027938117871827
6.033603855407504
6.036448807539736
6.036448807539736
6.036448807539736
6.039301876522142
6.047910251058743
6.047910251058743
6.047910251058743
6.053690613974242
6.062424293942996
6.071234923625151
6.077152100653239
6.077152100653239
6.086094038028901
6.089092541025158
6.089092541025158
6.10117728024023
6.107274860108348
6.113409848675864
6.113409848675864
6.116491515213272
6.128914035211829
6.128914035211829
6.132043928220757
6.135183648225425
6.135183648225425
6.135183648225425
6.14149281741869
6.147842045097348
6.147842045097348
6.154231843196119
6.154231843196119
6.16066273352641
6.163893754107856
6.163893754107856
6.163893754107856
6.167135248032027
6.167135248032027
6.167135248032027
6.170387283418404
6.170387283418404
6.173649929053221
6.17692325439819
6.17692325439819
6.18020732959938
6.18020732959938
6.183502225496232
6.186808013630732
6.186808013630732
6.190124766256726
6.190124766256726
6.190124766256726
6.1934525563494
6.1934525563494
6.200141544500197
6.200141544500197
6.203502892202902
6.21365526366692
6.21365526366692
6.21365526366692
6.22048122873732
6.223911763834109
6.227354108025081
6.227354108025081
6.2308083428931695
6.2308083428931695
6.2308083428931695
6.234274550869656
6.234274550869656
6.2377528152459805
6.241243220185749
6.241243220185749
6.248260792844396
6.251788133362364
6.262445427836352
6.262445427836352
6.273217524818263
6.273217524818263
6.273217524818263
6.273217524818263
6.273217524818263
6.28046393333903
6.284106924617531
6.284106924617531
6.287763235820641
6.295116210125901
6.3062480504947445
6.3062480504947445
6.313738722223902
6.313738722223902
6.317505205019379
6.321285927859285
6.328890527244504
6.328890527244504
6.332714623682908
6.332714623682908
6.344275446083984
6.348158946110382
6.352057586526039
6.355971485847175
6.359900763987064
6.3638455422780815
6.3678059434941785
6.3678059434941785
6.3717820918738175
6.375774113143355
6.375774113143355
6.375774113143355
6.375774113143355
6.375774113143355
6.379782134540894
6.383806284840619
6.383806284840619
6.387846694377624
6.387846694377624
6.3959768204608745
6.4000668057124
6.4000668057124
6.404173587665053
6.408297304848915
6.408297304848915
6.41659610766361
6.420771479074091
6.420771479074091
6.420771479074091
6.424964357334127
6.424964357334127
6.424964357334127
6.42917488987047
6.433403225979991
6.433403225979991
6.437649516861443
6.437649516861443
6.4419139156479
6.446196577439901
6.450497659339291
6.450497659339291
6.454817320483808
6.454817320483808
6.459155722082406
6.459155722082406
6.459155722082406
6.467889402051161
6.467889402051161
6.472285013524199
6.472285013524199
6.476700031733316
6.476700031733316
6.481134628801182
6.481134628801182
6.485588979150561
6.490063259545483
6.4990723294878485
6.50360748465324
6.508163301189101
6.508163301189101
6.512739968216512
6.512739968216512
6.517337677465142
6.517337677465142
6.5219566233214366
6.53125901598375
6.53125901598375
6.535942865296176
6.535942865296176
6.540648756333589
6.540648756333589
6.545376897529535
6.5501275002881325
6.55490077904079
6.55490077904079
6.55490077904079
6.55490077904079
6.559696951304283
6.559696951304283
6.559696951304283
6.564516237740232
6.564516237740232
6.564516237740232
6.574225051867193
6.574225051867193
6.574225051867193
6.574225051867193
6.574225051867193
6.579115037161385
6.588967333604397
6.588967333604397
6.588967333604397
6.588967333604397
6.593930122946526
6.598917664457565
6.598917664457565
6.603930206281109
6.603930206281109
6.608968000311066
6.608968000311066
6.614031302267613
6.619120371775084
6.624235472441854
6.629376871942274
6.634544842100716
6.634544842100716
6.634544842100716
6.634544842100716
6.634544842100716
6.63973965897782
6.644961602958972
6.644961602958972
6.644961602958972
6.644961602958972
6.644961602958972
6.650210958845116
6.650210958845116
6.650210958845116
6.655488015945959
6.655488015945959
6.660793068175653
6.660793068175653
6.666126414151015
6.6714883572924
6.6714883572924
6.6714883572924
6.6714883572924
6.6714883572924
6.676879205927277
6.682299273396616
6.682299273396616
6.682299273396616
6.682299273396616
6.6877488781641805
6.693228343928806
6.698737999739776
6.698737999739776
6.7042781801153915
6.7042781801153915
6.709849225164847
6.709849225164847
6.709849225164847
6.709849225164847
6.715451480713517
6.715451480713517
6.715451480713517
6.715451480713517
6.721085298431772
6.732449057082087
6.732449057082087
6.732449057082087
6.743943436507823
6.743943436507823
6.743943436507823
6.755571474502942
6.755571474502942
6.755571474502942
6.755571474502942
6.755571474502942
6.755571474502942
6.76143659395534
6.76143659395534
6.767336316082528
6.767336316082528
6.767336316082528
6.767336316082528
6.773271051602342
6.773271051602342
6.779241218588846
6.785247242649058
6.8034848301988395
6.8034848301988395
6.809638695773217
6.809638695773217
6.809638695773217
6.815830666021139
6.815830666021139
6.815830666021139
6.822061215771774
6.822061215771774
6.822061215771774
6.822061215771774
6.822061215771774
6.822061215771774
6.822061215771774
6.82833082878537
6.834639997978635
6.834639997978635
6.840989225657293
6.840989225657293
6.847379023756065
6.847379023756065
6.847379023756065
6.853809914086355
6.853809914086355
6.853809914086355
6.853809914086355
6.853809914086355
6.860282428591972
6.860282428591972
6.866797109613166
6.866797109613166
6.866797109613166
6.873354510159325
6.873354510159325
6.873354510159325
6.873354510159325
6.879955194190677
6.879955194190677
6.879955194190677
6.8865997369093455
6.8865997369093455
6.8865997369093455
6.8865997369093455
6.893288725060143
6.893288725060143
6.900022757241486
6.900022757241486
6.906802444226865
6.906802444226865
6.906802444226865
6.906802444226865
6.906802444226865
6.913628409297265
6.913628409297265
6.913628409297265
6.913628409297265
6.920501288585027
6.927421731429601
6.927421731429601
6.927421731429601
6.927421731429601
6.927421731429601
6.934390400745694
6.934390400745694
6.934390400745694
6.934390400745694
6.934390400745694
6.941407973404341
6.941407973404341
6.941407973404341
6.948475140627433
6.948475140627433
6.955592608396297
6.955592608396297
6.955592608396297
6.9627610978749095
6.9627610978749095
6.9627610978749095
6.9627610978749095
6.9627610978749095
6.9627610978749095
6.9627610978749095
6.969981345848397
6.969981345848397
6.969981345848397
6.977254105177477
6.977254105177477
6.977254105177477
6.9845801452695495
6.9845801452695495
6.9845801452695495
6.9845801452695495
6.991960252567172
6.991960252567172
6.991960252567172
6.991960252567172
6.991960252567172
6.991960252567172
6.991960252567172
6.99939523105469
6.99939523105469
6.99939523105469
6.99939523105469
6.99939523105469
6.99939523105469
7.006885902783847
7.006885902783847
7.006885902783847
7.006885902783847
7.01443310841923
7.01443310841923
7.01443310841923
7.01443310841923
7.01443310841923
7.01443310841923
7.01443310841923
7.02203770780445
7.02203770780445
7.029700580550019
7.029700580550019
7.029700580550019
7.037422626643929
7.037422626643929
7.037422626643929
7.045204767085984
7.045204767085984
7.045204767085984
7.045204767085984
7.045204767085984
7.045204767085984
7.045204767085984
7.045204767085984
7.05304794454701
7.05304794454701
7.05304794454701
7.05304794454701
7.05304794454701
7.060953124054124
7.060953124054124
7.060953124054124
7.060953124054124
7.0689212937033
7.076953465400565
7.076953465400565
7.076953465400565
7.085050675633184
7.085050675633184
7.093213986272345
7.093213986272345
7.093213986272345
7.093213986272345
7.1014444854088605
7.1014444854088605
7.109743288223555
7.109743288223555
7.109743288223555
7.109743288223555
7.109743288223555
7.109743288223555
7.109743288223555
7.118111537894072
7.118111537894072
7.118111537894072
7.118111537894072
7.118111537894072
7.126550406539937
7.126550406539937
7.126550406539937
7.135061096207846
7.135061096207846
7.135061096207846
7.135061096207846
7.135061096207846
7.1436448398992365
7.1436448398992365
7.1436448398992365
7.1436448398992365
7.1436448398992365
7.1436448398992365
7.1436448398992365
7.1436448398992365
7.1436448398992365
7.152302902642352
7.152302902642352
7.152302902642352
7.152302902642352
7.161036582611106
7.161036582611106
7.161036582611106
7.161036582611106
7.161036582611106
7.161036582611106
7.161036582611106
7.169847212293261
7.169847212293261
7.169847212293261
7.178736159710507
7.178736159710507
7.178736159710507
7.187704829693267
7.187704829693267
7.187704829693267
7.187704829693267
7.187704829693267
7.196754665213185
7.2058871487764575
7.2058871487764575
7.2058871487764575
7.2058871487764575
7.215103803881382
7.215103803881382
7.215103803881382
7.215103803881382
7.215103803881382
7.215103803881382
7.224406196543695
7.224406196543695
7.224406196543695
7.224406196543695
7.224406196543695
7.224406196543695
7.224406196543695
